"time" "cases1" "cases2" "cases3"
"1" 1 2882 628 174
"2" 2 7032 851 468
"3" 3 11416 1410 800
"4" 4 17811 2237 1216
"5" 5 17805 2644 774
"6" 6 20446 2435 926
"7" 7 22028 2697 932
"8" 8 22677 2923 1317
"9" 9 25356 3754 1248
"10" 10 33056 4609 1298
"11" 11 37888 4920 1681
"12" 12 36126 5274 3261
"13" 13 33254 5335 2226
"14" 14 29879 5289 1749
"15" 15 26360 3951 1833
"16" 16 22448 3496 1098
"17" 17 23807 4147 1311
"18" 18 18319 3218 1333
"19" 19 19428 3128 1325
"20" 20 16354 3126 1202
"21" 21 12086 2504 1635
"22" 22 12807 2140 1123
"23" 23 8742 1219 588
"24" 24 9259 1565 644
"25" 25 7649 1759 588
"26" 26 7051 1380 913
"27" 27 5735 1347 525
"28" 28 4535 1121 277
"29" 29 3714 787 107
"30" 30 2919 762 384
"31" 31 2769 942 270
"32" 32 3112 674 347
"33" 33 2195 803 776
"34" 34 2507 705 251
"35" 35 2625 692 198
"36" 36 2558 1000 223
"37" 37 2246 586 142
"38" 38 2388 702 230
"39" 39 2758 624 228
"40" 40 2759 816 303
"41" 41 2427 707 389
"42" 42 2384 944 440
"43" 43 2410 1028 275
"44" 44 2738 821 544
"45" 45 3151 1031 282
"46" 46 4160 974 637
"47" 47 4860 1088 351
"48" 48 7172 1476 511
"49" 49 7914 1130 411
"50" 50 8151 1326 493
"51" 51 10586 1651 500
"52" 52 6923 800 304
"53" 53 12224 1263 767
"54" 54 16432 2063 806
"55" 55 18892 3110 1681
"56" 56 27209 3384 1435
"57" 57 28754 4276 1179
"58" 58 27668 3837 1417
"59" 59 27775 3645 1179
"60" 60 29530 4142 1384
"61" 61 29105 4277 1716
"62" 62 28737 4390 1865
"63" 63 29368 5007 2614
"64" 64 29339 4345 1868
"65" 65 22876 3823 1658
"66" 66 21840 3540 1421
"67" 67 25456 4126 2146
"68" 68 29748 4772 2077
"69" 69 28244 6028 2516
"70" 70 23274 4732 2460
"71" 71 18751 3390 1872
"72" 72 17667 3637 1514
"73" 73 10160 2640 976
"74" 74 8767 2023 933
"75" 75 8607 1874 1049
"76" 76 6389 2298 767
"77" 77 4991 1544 728
"78" 78 3726 1572 623
"79" 79 3165 1097 761
"80" 80 2567 1537 815
"81" 81 2353 1232 1226
"82" 82 2012 1291 1507
"83" 83 1872 1360 714
"84" 84 1593 1126 507
"85" 85 2051 1263 593
"86" 86 1686 1454 490
"87" 87 1875 1669 556
"88" 88 1384 1025 379
"89" 89 2174 1621 604
"90" 90 2256 1356 644
"91" 91 2141 1156 498
"92" 92 2032 1028 405
"93" 93 2577 1177 333
"94" 94 2787 1086 475
"95" 95 3053 1335 710
"96" 96 3176 1404 433
"97" 97 3446 1579 651
"98" 98 3047 1665 649
"99" 99 4276 1231 796
"100" 100 4879 1219 703
"101" 101 4519 1172 635
"102" 102 5010 1010 640
"103" 103 6902 1210 516
"104" 104 4279 728 658
"105" 105 7661 1006 446
"106" 106 9379 1502 749
"107" 107 11577 1799 926
"108" 108 17401 2660 982
"109" 109 21023 2395 1142
"110" 110 22040 2987 1207
"111" 111 22630 3636 1489
"112" 112 26628 3912 1800
"113" 113 28858 4002 3021
"114" 114 30139 4923 2624
"115" 115 28511 4496 3351
"116" 116 28475 4465 3026
"117" 117 29698 4760 2925
"118" 118 30969 5033 2420
"119" 119 28644 5542 2272
"120" 120 25879 4551 2751
"121" 121 24895 3693 3227
"122" 122 22033 3800 3723
"123" 123 21582 4537 2151
"124" 124 15186 3908 2556
"125" 125 10948 2842 1349
"126" 126 7821 1758 854
"127" 127 6693 2325 709
"128" 128 3753 1205 394
"129" 129 2921 938 367
"130" 130 2480 989 246
"131" 131 2100 938 363
"132" 132 1135 984 262
"133" 133 1665 779 303
"134" 134 1249 526 381
"135" 135 1044 556 249
"136" 136 1021 337 218
"137" 137 896 412 184
"138" 138 1061 521 148
"139" 139 1274 640 265
"140" 140 1375 508 174
"141" 141 1506 482 218
"142" 142 1623 591 246
"143" 143 1248 365 249
"144" 144 1623 487 96
"145" 145 1760 415 148
"146" 146 2207 697 169
"147" 147 2500 612 338
"148" 148 2328 798 282
"149" 149 3362 504 456
"150" 150 3409 553 280
"151" 151 4451 800 342
"152" 152 5108 928 500
"153" 153 4854 939 487
"154" 154 4854 992 727
"155" 155 6426 1158 523
"156" 156 3542 644 339
"157" 157 4749 931 275
"158" 158 6500 868 567
"159" 159 9000 1370 737
"160" 160 9948 1626 1152
"161" 161 11537 1846 1700
"162" 162 12855 1721 1805
"163" 163 13839 2565 1195
"164" 164 15626 2583 939
"165" 165 16247 3019 1983
"166" 166 20353 3577 3432
"167" 167 23849 4874 3083
"168" 168 24134 4326 2795
"169" 169 24856 4016 3010
"170" 170 22216 4742 3946
"171" 171 19575 3640 2275
"172" 172 19551 3854 1879
"173" 173 20239 3800 2368
"174" 174 18221 4003 3132
"175" 175 15793 3054 2565
"176" 176 13519 3277 1691
"177" 177 8947 2239 1209
"178" 178 9273 2265 1002
"179" 179 7803 1279 642
"180" 180 6868 1621 1177
"181" 181 5635 1554 2082
"182" 182 4142 840 412
"183" 183 2700 762 440
"184" 184 2458 809 212
"185" 185 2805 783 230
"186" 186 2184 723 230
"187" 187 1865 576 254
"188" 188 914 446 235
"189" 189 824 503 151
"190" 190 1047 456 127
"191" 191 1126 649 218
"192" 192 1049 691 119
"193" 193 1577 633 205
"194" 194 1547 1239 320
"195" 195 1975 839 384
"196" 196 1742 800 270
"197" 197 2211 635 391
"198" 198 2060 612 337
"199" 199 2028 918 286
"200" 200 2270 863 229
"201" 201 2032 902 251
"202" 202 2352 814 533
"203" 203 2851 830 674
"204" 204 3042 925 177
"205" 205 3662 1060 375
"206" 206 4812 970 530
"207" 207 5909 1048 524
"208" 208 6997 956 372
"209" 209 5685 1131 596
"210" 210 8343 1261 1192
"211" 211 10310 1670 707
"212" 212 12367 1993 919
"213" 213 14715 1875 792
"214" 214 17558 2374 813
"215" 215 21352 2512 1299
"216" 216 22058 3417 1361
"217" 217 23639 3122 2109
"218" 218 25512 3615 1838
"219" 219 27804 4531 2065
"220" 220 24508 3595 1644
"221" 221 22865 3433 1652
"222" 222 19798 3719 2638
"223" 223 21953 3964 2173
"224" 224 21619 3956 2285
"225" 225 19108 3707 1664
"226" 226 14452 2885 1190
"227" 227 12435 3294 1773
"228" 228 9407 2443 1367
"229" 229 9345 2138 901
"230" 230 8850 1814 809
"231" 231 6172 1740 914
"232" 232 5448 1707 1214
"233" 233 4798 1339 707
"234" 234 4147 1264 526
"235" 235 2343 739 309
"236" 236 1756 634 563
"237" 237 1638 603 501
"238" 238 1439 656 534
"239" 239 1158 591 501
"240" 240 1018 587 396
"241" 241 1283 555 204
"242" 242 929 809 345
"243" 243 1631 714 506
"244" 244 1215 539 160
"245" 245 1000 629 415
"246" 246 1166 529 263
"247" 247 1143 440 189
"248" 248 1082 396 192
"249" 249 1218 402 193
"250" 250 1222 714 291
"251" 251 1373 468 192
"252" 252 1370 463 244
"253" 253 2050 643 238
"254" 254 1768 849 614
"255" 255 2149 658 479
"256" 256 2966 854 427
"257" 257 3926 854 377
"258" 258 5254 1646 497
"259" 259 6727 1188 768
"260" 260 5352 932 549
"261" 261 6400 1409 588
"262" 262 9332 1936 2384
"263" 263 13492 2237 1771
"264" 264 16403 2686 2004
"265" 265 19912 3993 2835
"266" 266 26225 4409 3515
"267" 267 30307 5283 2999
"268" 268 33778 6201 2521
"269" 269 31695 5988 2715
"270" 270 37435 8214 5237
"271" 271 35315 8443 6000
"272" 272 36493 8931 5059
"273" 273 34366 7212 5820
"274" 274 27703 7465 5602
"275" 275 21345 5505 3653
"276" 276 19651 4548 3667
"277" 277 16981 5146 4631
"278" 278 13414 3091 2547
"279" 279 12482 3330 2678
"280" 280 11648 4004 1883
"281" 281 8504 2496 1878
"282" 282 8026 2948 2120
"283" 283 5116 1806 1172
"284" 284 4408 1648 976
"285" 285 4146 1324 592
"286" 286 2284 1064 686
"287" 287 2024 1056 505
"288" 288 1545 741 360
"289" 289 1144 725 482
"290" 290 1006 505 387
"291" 291 871 535 333
"292" 292 940 779 304
"293" 293 882 563 332
"294" 294 878 420 164
"295" 295 1017 677 357
"296" 296 1085 414 494
"297" 297 903 615 373
"298" 298 1314 676 328
"299" 299 1126 567 412
"300" 300 733 431 328
"301" 301 1155 463 309
"302" 302 1229 677 333
"303" 303 998 485 389
"304" 304 1100 488 431
"305" 305 1695 725 595
"306" 306 2084 994 584
"307" 307 2000 1133 496
"308" 308 2382 956 823
"309" 309 2881 1183 1200
"310" 310 3457 1003 735
"311" 311 3633 1336 1158
"312" 312 2451 858 487
"313" 313 4037 1223 1500
"314" 314 5399 1770 1379
"315" 315 5772 1666 1022
"316" 316 7027 2074 1924
"317" 317 7951 2186 2323
"318" 318 9057 2332 2587
"319" 319 10366 3122 1761
"320" 320 10702 2333 1375
"321" 321 13485 3202 2126
"322" 322 13197 2654 2381
"323" 323 13927 3257 2453
"324" 324 17566 3533 4420
"325" 325 19096 4414 2809
"326" 326 19094 3589 2259
"327" 327 20459 3745 2272
"328" 328 20994 4783 3612
"329" 329 23401 5593 3575
"330" 330 21982 5251 2814
"331" 331 26522 6846 3746
"332" 332 23758 5061 3216
"333" 333 22977 6220 3556
"334" 334 14439 3863 1644
"335" 335 9298 2819 1175
"336" 336 8180 3118 981
"337" 337 3688 1953 866
"338" 338 3197 1449 689
"339" 339 2060 1188 509
"340" 340 2258 1393 579
"341" 341 1920 1010 552
"342" 342 1577 867 555
"343" 343 1486 847 548
"344" 344 1076 879 386
"345" 345 1183 816 465
"346" 346 1768 923 592
"347" 347 1249 1039 480
"348" 348 1276 801 373
"349" 349 1609 985 516
"350" 350 1728 1154 591
"351" 351 2071 1469 624
"352" 352 2174 958 460
"353" 353 2146 1384 1076
"354" 354 2395 1441 1186
"355" 355 3039 1421 1217
"356" 356 3219 1547 1257
"357" 357 4563 1791 1323
"358" 358 4250 1389 963
"359" 359 5437 1800 1167
"360" 360 6816 2371 1942
"361" 361 8418 2885 1614
"362" 362 9288 3093 1421
"363" 363 9550 3019 1778
"364" 364 6190 1606 1175
"365" 365 9341 2074 1662
"366" 366 13433 4076 3380
"367" 367 16951 4525 4356
"368" 368 17450 5440 3311
"369" 369 18618 5404 3147
"370" 370 20450 4288 3652
"371" 371 23412 5438 3626
"372" 372 26921 7605 4103
"373" 373 29247 7677 5285
"374" 374 29196 7616 4401
"375" 375 29573 7801 6042
"376" 376 26865 6866 5051
"377" 377 25315 6247 6692
"378" 378 24875 7483 8282
"379" 379 24931 7857 8747
"380" 380 24288 8212 7728
"381" 381 22797 8322 8780
"382" 382 16507 5743 5429
"383" 383 17458 6449 5666
"384" 384 14136 4948 4862
"385" 385 11838 4503 3173
"386" 386 11344 4586 3518
"387" 387 7611 3360 2663
"388" 388 4872 2985 1768
"389" 389 3736 2570 1820
"390" 390 3681 2190 1010
"391" 391 2898 1489 851
"392" 392 1873 1416 1071
"393" 393 1800 1597 884
"394" 394 1548 1037 960
"395" 395 1203 1215 818
"396" 396 1451 1156 773
"397" 397 1189 1088 724
"398" 398 1174 1117 816
"399" 399 1331 956 689
"400" 400 1736 1209 1037
"401" 401 1618 1032 650
"402" 402 1361 861 670
"403" 403 1727 1039 768
"404" 404 1700 892 614
"405" 405 2320 887 661
"406" 406 2480 1144 1233
"407" 407 1807 1323 1047
"408" 408 2482 1022 1326
"409" 409 2917 1500 1323
"410" 410 3411 1313 1067
"411" 411 4595 1878 1746
"412" 412 4144 1957 1540
"413" 413 5231 2821 1253
"414" 414 5630 2204 2236
"415" 415 5884 2229 1760
"416" 416 4067 1416 1444
